0 5
0.00015 5
0.0003 5
0.00045 5
0.0006 5
0.00075 5
0.0009 5
0.00105 4.98232
0.0012 4.92929
0.00135 4.87626
0.0015 4.82323
0.00165 4.7702
0.0018 4.71717
0.00195 4.66414
0.0021 4.61111
0.00225 4.55808
0.0024 4.50505
0.00255 4.45202
0.0027 4.39899
0.00285 4.34596
0.003 4.29293
0.00315 4.2399
0.0033 4.18687
0.00345 4.13384
0.0036 4.08081
0.00375 4.02778
0.0039 3.97475
0.00405 3.92172
0.0042 3.86869
0.00435 3.81566
0.0045 3.76263
0.00465 3.7096
0.0048 3.65657
0.00495 3.60354
0.0051 3.55051
0.00525 3.49747
0.0054 3.44444
0.00555 3.39141
0.0057 3.33838
0.00585 3.28535
0.006 3.23232
0.00615 3.17929
0.0063 3.12626
0.00645 3.07323
0.0066 3.0202
0.00675 2.96717
0.0069 2.91414
0.00705 2.86111
0.0072 2.80808
0.00735 2.75505
0.0075 2.70202
0.00765 2.64899
0.0078 2.59596
0.00795 2.54293
0.0081 2.4899
0.00825 2.43687
0.0084 2.38384
0.00855 2.33081
0.0087 2.27778
0.00885 2.22475
0.009 2.17172
0.00915 2.11869
0.0093 2.06566
0.00945 2.01263
0.0096 1.9596
0.00975 1.90657
0.0099 1.85354
0.01005 1.80051
0.0102 1.74747
0.01035 1.69444
0.0105 1.64141
0.01065 1.58838
0.0108 1.53535
0.01095 1.48232
0.0111 1.42929
0.01125 1.37626
0.0114 1.32323
0.01155 1.2702
0.0117 1.21717
0.01185 1.16414
0.012 1.11111
0.01215 1.05808
0.0123 1.00505
0.01245 0.95202
0.0126 0.89899
0.01275 0.84596
0.0129 0.792929
0.01305 0.739899
0.0132 0.686869
0.01335 0.633838
0.0135 0.580808
0.01365 0.527778
0.0138 0.474747
0.01395 0.421717
0.0141 0.368687
0.01425 0.315657
0.0144 0.262626
0.01455 0.209596
0.0147 0.156566
0.01485 0.103535
0.015 0.0505051
0.01515 -0.00252525
0.0153 -0.0555556
0.01545 -0.108586
0.0156 -0.161616
0.01575 -0.214646
0.0159 -0.267677
0.01605 -0.320707
0.0162 -0.373737
0.01635 -0.426768
0.0165 -0.479798
0.01665 -0.532828
0.0168 -0.585859
0.01695 -0.638889
0.0171 -0.691919
0.01725 -0.744949
0.0174 -0.79798
0.01755 -0.85101
0.0177 -0.90404
0.01785 -0.957071
0.018 -1.0101
0.01815 -1.06313
0.0183 -1.11616
0.01845 -1.16919
0.0186 -1.22222
0.01875 -1.27525
0.0189 -1.32828
0.01905 -1.38131
0.0192 -1.43434
0.01935 -1.48737
0.0195 -1.5404
0.01965 -1.59343
0.0198 -1.64646
0.01995 0
0.0201 0
0.02025 0
0.0204 0
0.02055 0
0.0207 0
0.02085 0
0.021 0
0.02115 0
0.0213 0
0.02145 0
0.0216 0
0.02175 0
0.0219 0
0.02205 0
0.0222 0
0.02235 0
0.0225 0
0.02265 0
0.0228 0
0.02295 0
0.0231 0
0.02325 0
0.0234 0
0.02355 0
0.0237 0
0.02385 0
0.024 0
0.02415 0
0.0243 0
0.02445 0
0.0246 0
0.02475 0
0.0249 0
0.02505 0
0.0252 0
0.02535 0
0.0255 0
0.02565 0
0.0258 0
0.02595 0
0.0261 0
0.02625 0
0.0264 0
0.02655 0
0.0267 0
0.02685 0
0.027 0
0.02715 0
0.0273 0
0.02745 0
0.0276 0
0.02775 0
0.0279 0
0.02805 0
0.0282 0
0.02835 0
0.0285 0
0.02865 0
0.0288 0
0.02895 0
0.0291 0
0.02925 0
0.0294 0
0.02955 0
0.0297 0
0.02985 0
0.03 0
