0 0
0.00015 0.065625
0.0003 0.13125
0.00045 0.196875
0.0006 0.2625
0.00075 0.328125
0.0009 0.39375
0.00105 0.459375
0.0012 0.525
0.00135 0.590625
0.0015 0.65625
0.00165 0.721875
0.0018 0.7875
0.00195 0.853125
0.0021 0.91875
0.00225 0.984375
0.0024 1.05
0.00255 1.11562
0.0027 1.18125
0.00285 1.24687
0.003 1.3125
0.00315 1.37812
0.0033 1.44375
0.00345 1.50937
0.0036 1.575
0.00375 1.64062
0.0039 1.70625
0.00405 1.77187
0.0042 1.8375
0.00435 1.90312
0.0045 1.96875
0.00465 2.03437
0.0048 2.1
0.00495 2.16562
0.0051 2.23125
0.00525 2.29688
0.0054 2.3625
0.00555 2.42812
0.0057 2.49375
0.00585 2.55937
0.006 2.625
0.00615 2.69062
0.0063 2.75625
0.00645 2.82187
0.0066 2.8875
0.00675 2.95312
0.0069 3.01875
0.00705 3.08437
0.0072 3.15
0.00735 3.21562
0.0075 3.28125
0.00765 3.34687
0.0078 3.4125
0.00795 3.47812
0.0081 3.54375
0.00825 3.60937
0.0084 3.675
0.00855 3.74062
0.0087 3.80625
0.00885 3.87187
0.009 3.9375
0.00915 4.00312
0.0093 4.06875
0.00945 4.13437
0.0096 4.2
0.00975 4.26562
0.0099 4.33125
0.01005 4.39687
0.0102 4.4625
0.01035 4.52813
0.0105 4.59375
0.01065 4.65937
0.0108 4.725
0.01095 4.79062
0.0111 4.85625
0.01125 4.92188
0.0114 4.9875
0.01155 5.05312
0.0117 5.11875
0.01185 5.18437
0.012 5.25
0.01215 5.31562
0.0123 5.38125
0.01245 5.44687
0.0126 5.5125
0.01275 5.57812
0.0129 5.64375
0.01305 5.70937
0.0132 5.775
0.01335 5.84062
0.0135 5.90625
0.01365 5.97187
0.0138 6.0375
0.01395 6.10312
0.0141 6.16875
0.01425 6.23437
0.0144 6.3
0.01455 6.36562
0.0147 6.43125
0.01485 6.49687
0.015 6.5625
0.01515 6.62812
0.0153 6.69375
0.01545 6.75937
0.0156 6.825
0.01575 6.89062
0.0159 6.95625
0.01605 6.92188
0.0162 6.6875
0.01635 6.45313
0.0165 6.21875
0.01665 5.98438
0.0168 5.75
0.01695 5.51563
0.0171 5.28125
0.01725 5.04688
0.0174 4.8125
0.01755 4.57813
0.0177 4.34375
0.01785 4.10938
0.018 3.875
0.01815 3.64063
0.0183 3.40625
0.01845 3.17188
0.0186 2.9375
0.01875 2.70313
0.0189 2.46875
0.01905 2.23438
0.0192 2
0.01935 1.76563
0.0195 1.53125
0.01965 1.29688
0.0198 1.0625
0.01995 0.828125
0.0201 0.59375
0.02025 0.359375
0.0204 0.125
0.02055 -0.109375
0.0207 -0.34375
0.02085 -0.578125
0.021 -0.8125
0.02115 -1.04687
0.0213 -1.28125
0.02145 -1.51562
0.0216 -1.75
0.02175 -1.98437
0.0219 -2.21875
0.02205 -2.45312
0.0222 -2.6875
0.02235 -2.92187
0.0225 -3.15625
0.02265 -3.39062
0.0228 -3.625
0.02295 -3.85937
0.0231 -4.09375
0.02325 -4.32812
0.0234 -4.5625
0.02355 -4.79687
0.0237 -5.03125
0.02385 -5.26562
0.024 -5.5
0.02415 -4.76563
0.0243 -4.53125
0.02445 -4.29688
0.0246 -4.0625
0.02475 -3.82813
0.0249 -3.59375
0.02505 -3.35938
0.0252 -3.125
0.02535 -2.89063
0.0255 -2.65625
0.02565 -2.42188
0.0258 -2.1875
0.02595 -1.95313
0.0261 -1.71875
0.02625 -1.48438
0.0264 -1.25
0.02655 -1.01563
0.0267 -0.78125
0.02685 -0.546875
0.027 -0.3125
0.02715 -0.078125
0.0273 0.15625
0.02745 0.390625
0.0276 0.625
0.02775 0.859375
0.0279 1.09375
0.02805 1.32812
0.0282 1.5625
0.02835 1.79687
0.0285 2.03125
0.02865 2.26562
0.0288 2.5
0.02895 2.73437
0.0291 2.96875
0.02925 3.20312
0.0294 3.4375
0.02955 3.67187
0.0297 3.90625
0.02985 4.14062
0.03 4.375
