0 -9.25596e+61
0.00015 -1.29287e+62
0.0003 -1.16632e+62
0.00045 -5.9427e+61
0.0006 2.04771e+61
0.00075 9.25596e+61
0.0009 1.29287e+62
0.00105 1.16632e+62
0.0012 5.94271e+61
0.00135 -2.0477e+61
0.0015 -9.25595e+61
0.00165 -1.29287e+62
0.0018 -1.16632e+62
0.00195 -5.94271e+61
0.0021 2.04769e+61
0.00225 9.25594e+61
0.0024 1.29287e+62
0.00255 1.16632e+62
0.0027 5.94272e+61
0.00285 -2.04768e+61
0.003 -9.25594e+61
0.00315 -1.29287e+62
0.0033 -1.16632e+62
0.00345 -5.94273e+61
0.0036 2.04767e+61
0.00375 9.25593e+61
0.0039 1.29287e+62
0.00405 1.16632e+62
0.0042 5.94274e+61
0.00435 -2.04766e+61
0.0045 -9.25593e+61
0.00465 -1.29287e+62
0.0048 -1.16632e+62
0.00495 -5.94274e+61
0.0051 2.04766e+61
0.00525 9.25592e+61
0.0054 1.29287e+62
0.00555 1.16632e+62
0.0057 5.94275e+61
0.00585 -2.04765e+61
0.006 -9.25591e+61
0.00615 -1.29287e+62
0.0063 -1.16632e+62
0.00645 -5.94276e+61
0.0066 2.04764e+61
0.00675 9.25591e+61
0.0069 1.29287e+62
0.00705 1.16632e+62
0.0072 5.94277e+61
0.00735 -2.04763e+61
0.0075 -9.2559e+61
0.00765 -1.29287e+62
0.0078 -1.16632e+62
0.00795 -5.94277e+61
0.0081 2.04762e+61
0.00825 9.2559e+61
0.0084 1.29287e+62
0.00855 1.16632e+62
0.0087 5.94278e+61
0.00885 -2.04761e+61
0.009 -9.25589e+61
0.00915 -1.29287e+62
0.0093 -1.16632e+62
0.00945 -5.94279e+61
0.0096 2.0476e+61
0.00975 9.25588e+61
0.0099 1.29287e+62
0.01005 1.16632e+62
0.0102 5.9428e+61
0.01035 -2.0476e+61
0.0105 -9.25588e+61
0.01065 -1.29287e+62
0.0108 -1.16632e+62
0.01095 -5.94281e+61
0.0111 2.04759e+61
0.01125 9.25587e+61
0.0114 1.29287e+62
0.01155 1.16633e+62
0.0117 5.94281e+61
0.01185 -2.04758e+61
0.012 -9.25587e+61
0.01215 -1.29287e+62
0.0123 -1.16633e+62
0.01245 -5.94282e+61
0.0126 2.04757e+61
0.01275 9.25586e+61
0.0129 1.29287e+62
0.01305 1.16633e+62
0.0132 5.94283e+61
0.01335 -2.04756e+61
0.0135 -9.25585e+61
0.01365 -1.29287e+62
0.0138 -1.16633e+62
0.01395 -5.94284e+61
0.0141 2.04755e+61
0.01425 9.25585e+61
0.0144 1.29287e+62
0.01455 1.16633e+62
0.0147 5.94284e+61
0.01485 -2.04755e+61
0.015 -9.25584e+61
0.01515 -1.29287e+62
0.0153 -1.16633e+62
0.01545 -5.94285e+61
0.0156 2.04754e+61
0.01575 9.25584e+61
0.0159 1.29287e+62
0.01605 1.16633e+62
0.0162 5.94286e+61
0.01635 -2.04753e+61
0.0165 -9.25583e+61
0.01665 -1.29287e+62
0.0168 -1.16633e+62
0.01695 -5.94287e+61
0.0171 2.04752e+61
0.01725 9.25582e+61
0.0174 1.29287e+62
0.01755 1.16633e+62
0.0177 5.94287e+61
0.01785 -2.04751e+61
0.018 -9.25582e+61
0.01815 -1.29287e+62
0.0183 -1.16633e+62
0.01845 -5.94288e+61
0.0186 2.0475e+61
0.01875 9.25581e+61
0.0189 1.29287e+62
0.01905 1.16633e+62
0.0192 5.94289e+61
0.01935 -2.04749e+61
0.0195 -9.25581e+61
0.01965 -1.29287e+62
0.0198 -1.16633e+62
0.01995 -5.9429e+61
0.0201 2.04749e+61
0.02025 9.2558e+61
0.0204 1.29287e+62
0.02055 1.16633e+62
0.0207 5.9429e+61
0.02085 -2.04748e+61
0.021 -9.25579e+61
0.02115 -1.29287e+62
0.0213 -1.16633e+62
0.02145 -5.94291e+61
0.0216 2.04747e+61
0.02175 9.25579e+61
0.0219 1.29287e+62
0.02205 1.16633e+62
0.0222 5.94292e+61
0.02235 -2.04746e+61
0.0225 -9.25578e+61
0.02265 -1.29287e+62
0.0228 -1.16633e+62
0.02295 -5.94293e+61
0.0231 2.04745e+61
0.02325 9.25578e+61
0.0234 1.29287e+62
0.02355 1.16633e+62
0.0237 5.94294e+61
0.02385 -2.04744e+61
0.024 -9.25577e+61
0.02415 -1.29287e+62
0.0243 -1.16633e+62
0.02445 -5.94294e+61
0.0246 2.04744e+61
0.02475 9.25576e+61
0.0249 1.29287e+62
0.02505 1.16633e+62
0.0252 5.94295e+61
0.02535 -2.04743e+61
0.0255 -9.25576e+61
0.02565 -1.29287e+62
0.0258 -1.16633e+62
0.02595 -5.94296e+61
0.0261 2.04742e+61
0.02625 9.25575e+61
0.0264 1.29287e+62
0.02655 1.16633e+62
0.0267 5.94297e+61
0.02685 -2.04741e+61
0.027 -9.25575e+61
0.02715 -1.29287e+62
0.0273 -1.16633e+62
0.02745 -5.94297e+61
0.0276 2.0474e+61
0.02775 9.25574e+61
0.0279 1.29287e+62
0.02805 1.16633e+62
0.0282 5.94298e+61
0.02835 -2.04739e+61
0.0285 -9.25573e+61
0.02865 -1.29287e+62
0.0288 -1.16633e+62
0.02895 -5.94299e+61
0.0291 2.04738e+61
0.02925 9.25573e+61
0.0294 1.29287e+62
0.02955 1.16633e+62
0.0297 5.943e+61
0.02985 -2.04738e+61
0.03 -9.25572e+61
